2.696768224459575314e-01
2.655770137538342179e-02
3.722295739246646307e-02
3.661550683821801488e-02
2.697035052465150962e-01
2.657747274842410523e-02
2.617995097638048038e-02
3.765040964377366212e-02
2.698156733328815893e-01
2.695237205892751509e-01
3.728000739403453112e-02
2.665375323049775855e-02
2.700680207981513703e-02
2.690309200182311455e-01
3.685876273511092677e-02
3.788260063664668914e-02
2.657161257180180869e-02
2.691918207445872513e-01
2.713481707065156998e-02
2.699217698388295394e-01
3.728171376391805486e-02
3.716973263770771696e-02
2.642309694860405997e-02
2.696581674255128513e-01
2.681677305521967813e-01
3.756674947823863270e-02
2.667622228434127912e-02
2.709529179373462160e-01
2.648328440463151856e-02
3.690209833142144014e-02
3.735346683046158328e-02
2.691713454370650016e-01
2.672618474429810931e-02
2.610673853792923327e-02
3.722791014237099294e-02
2.690760536344763976e-01
